Case #1: 
0.500 
0.600 
0 0
Case #2: 
0.200 0.700 
0.300 0.800 
1 0
Case #3: 
0.100 0.500 0.900 
0.300 0.400 0.600 
2 1
Case #4: 
0.186 0.300 0.389 0.557 0.832 0.899 0.907 0.959 0.992 
0.215 0.271 0.341 0.458 0.520 0.521 0.700 0.728 0.916 
8 4
Case #5: 
0.040 0.150 0.350 0.370 0.480 0.770 0.830 0.850 0.870 0.900 
0.020 0.080 0.130 0.170 0.460 0.500 0.580 0.630 0.670 0.790 
10 4
Case #6: 
0.400 0.460 0.600 0.690 0.800 0.910 
0.030 0.090 0.140 0.170 0.200 0.370 
6 6
Case #7: 
0.210 0.330 0.460 0.540 0.610 0.620 0.660 0.740 0.930 
0.130 0.230 0.260 0.300 0.430 0.440 0.590 0.870 0.900 
8 4
Case #8: 
0.400 0.800 
0.700 0.900 
1 0
Case #9: 
0.039 0.068 0.117 0.175 0.262 0.583 0.709 0.757 0.942 0.961 
0.078 0.136 0.311 0.515 0.544 0.602 0.641 0.806 0.845 0.913 
7 2
Case #10: 
0.170 0.280 
0.390 0.720 
0 0
Case #11: 
0.040 0.080 0.120 0.170 0.210 0.250 0.290 0.330 0.380 0.420 
0.460 0.500 0.540 0.620 0.670 0.710 0.750 0.830 0.870 0.960 
0 0
Case #12: 
0.150 0.220 0.290 0.330 0.380 0.480 0.680 0.710 
0.040 0.130 0.280 0.300 0.430 0.520 0.530 0.930 
7 2
Case #13: 
0.040 0.070 0.090 0.180 0.190 0.440 0.700 0.760 0.820 0.970 
0.150 0.460 0.510 0.550 0.570 0.590 0.710 0.790 0.800 0.840 
5 1
Case #14: 
0.090 0.380 0.440 0.620 
0.280 0.750 0.780 0.880 
1 0
Case #15: 
0.100 0.190 0.420 0.480 0.560 0.600 0.690 0.790 0.830 0.880 
0.080 0.250 0.350 0.370 0.440 0.460 0.580 0.770 0.940 0.960 
9 3
Case #16: 
0.090 0.110 0.120 0.130 0.160 0.180 0.200 0.230 0.240 0.290 
0.320 0.390 0.410 0.490 0.590 0.600 0.690 0.780 0.880 0.910 
0 0
Case #17: 
0.020 0.070 0.100 0.240 0.260 0.330 
0.380 0.500 0.600 0.740 0.860 0.980 
0 0
Case #18: 
0.620 0.690 0.920 
0.380 0.460 0.540 
3 3
Case #19: 
0.130 0.200 0.220 0.240 0.290 0.310 0.420 0.530 0.690 0.730 
0.070 0.350 0.360 0.400 0.470 0.510 0.550 0.760 0.870 0.890 
5 1
Case #20: 
0.050 0.070 0.130 0.330 0.390 0.570 0.800 0.810 0.890 0.920 
0.080 0.300 0.430 0.530 0.580 0.700 0.780 0.900 0.980 0.990 
7 1
Case #21: 
0.040 0.170 0.480 0.870 0.960 
0.130 0.390 0.610 0.650 0.910 
4 1
Case #22: 
0.180 0.240 0.290 0.350 0.410 
0.470 0.650 0.710 0.880 0.940 
0 0
Case #23: 
0.530 0.610 0.680 0.710 0.740 0.760 0.790 0.840 0.920 0.970 
0.080 0.110 0.180 0.210 0.240 0.260 0.290 0.340 0.450 0.470 
10 10
Case #24: 
0.680 0.690 0.730 0.810 0.830 0.940 0.950 
0.160 0.260 0.360 0.390 0.420 0.470 0.640 
7 7
Case #25: 
0.120 0.170 0.290 0.390 0.540 0.560 0.610 0.660 0.880 
0.020 0.220 0.370 0.510 0.590 0.630 0.780 0.800 0.980 
7 1
Case #26: 
0.120 0.190 0.250 0.440 0.600 0.610 0.630 0.670 0.890 0.910 
0.070 0.110 0.160 0.260 0.300 0.350 0.460 0.530 0.650 0.750 
10 4
Case #27: 
0.060 0.310 0.560 0.590 0.770 0.910 0.920 
0.100 0.120 0.280 0.420 0.740 0.760 0.990 
6 2
Case #28: 
0.050 0.340 0.400 0.440 0.530 0.580 0.810 0.840 0.920 0.950 
0.120 0.150 0.180 0.290 0.480 0.560 0.660 0.680 0.740 0.770 
9 4
Case #29: 
0.270 0.430 0.470 0.570 0.600 0.730 0.770 0.830 0.900 0.970 
0.100 0.200 0.230 0.300 0.500 0.530 0.630 0.700 0.800 0.930 
10 3
Case #30: 
0.180 0.360 0.390 0.550 0.750 0.910 0.930 0.970 
0.030 0.130 0.280 0.340 0.590 0.670 0.720 0.860 
8 3
Case #31: 
0.030 0.330 0.360 0.580 0.640 0.730 0.760 0.850 0.940 0.970 
0.090 0.210 0.240 0.270 0.300 0.420 0.520 0.670 0.700 0.790 
9 4
Case #32: 
0.470 0.530 0.580 0.740 0.750 0.780 0.800 0.860 
0.120 0.280 0.310 0.340 0.390 0.400 0.430 0.440 
8 8
Case #33: 
0.050 0.080 0.150 0.180 0.210 0.260 0.360 0.380 0.440 0.490 
0.590 0.620 0.670 0.690 0.720 0.820 0.850 0.900 0.920 0.970 
0 0
Case #34: 
0.009 0.132 0.211 0.342 0.386 0.430 0.500 0.518 0.895 0.991 
0.140 0.158 0.237 0.246 0.307 0.491 0.623 0.763 0.868 0.947 
8 2
Case #35: 
0.020 0.060 0.120 0.180 0.200 0.220 0.280 0.300 0.420 0.460 
0.500 0.520 0.540 0.560 0.580 0.620 0.680 0.880 0.900 0.960 
0 0
Case #36: 
0.027 0.054 0.135 0.162 0.198 0.468 0.622 0.766 0.964 0.991 
0.180 0.252 0.297 0.324 0.432 0.450 0.541 0.550 0.667 0.946 
6 2
Case #37: 
0.080 0.100 0.290 0.330 0.500 0.540 0.670 0.730 0.880 0.920 
0.020 0.250 0.350 0.420 0.520 0.580 0.690 0.750 0.770 0.830 
8 2
Case #38: 
0.009 0.036 0.297 0.333 0.432 0.468 0.477 0.658 0.703 0.964 
0.099 0.261 0.351 0.405 0.423 0.450 0.459 0.676 0.874 0.955 
8 2
Case #39: 
0.110 0.310 0.440 0.470 0.500 0.610 0.640 0.830 0.970 
0.030 0.080 0.140 0.190 0.530 0.560 0.750 0.810 0.940 
9 3
Case #40: 
0.049 0.098 0.157 0.265 0.500 0.578 0.618 0.667 0.775 0.990 
0.020 0.294 0.343 0.373 0.461 0.510 0.608 0.804 0.892 0.961 
7 1
Case #41: 
0.550 0.606 0.624 0.679 0.697 0.725 0.734 0.862 0.917 0.954 
0.018 0.028 0.055 0.064 0.220 0.257 0.266 0.312 0.376 0.431 
10 10
Case #42: 
0.300 
0.700 
0 0
Case #43: 
0.440 0.910 0.940 
0.350 0.790 0.850 
3 2
Case #44: 
0.170 0.220 0.290 0.370 0.460 0.480 0.550 0.580 0.690 0.720 
0.020 0.030 0.110 0.140 0.150 0.230 0.250 0.260 0.320 0.520 
10 6
Case #45: 
0.100 0.190 0.240 0.250 0.310 0.490 0.540 0.580 0.630 0.660 
0.150 0.170 0.270 0.420 0.460 0.560 0.590 0.610 0.690 0.760 
8 1
Case #46: 
0.030 0.150 0.210 0.260 0.330 0.540 0.640 0.740 0.790 0.870 
0.050 0.360 0.440 0.510 0.590 0.620 0.670 0.720 0.920 0.970 
6 1
Case #47: 
0.360 
0.730 
0 0
Case #48: 
0.030 0.060 0.190 0.500 0.530 0.580 0.630 0.890 0.900 0.950 
0.320 0.370 0.400 0.650 0.680 0.730 0.740 0.790 0.940 0.970 
6 1
Case #49: 
0.410 0.480 0.700 0.850 
0.190 0.330 0.440 0.520 
4 2
Case #50: 
0.300 0.400 
0.600 0.900 
0 0
Case #51: 
0.320 0.340 0.350 0.450 0.520 0.630 0.680 0.800 0.940 0.960 
0.030 0.060 0.200 0.240 0.280 0.550 0.620 0.870 0.900 0.920 
9 5
Case #52: 
0.058 0.133 0.192 0.275 0.350 0.358 0.442 0.767 0.867 0.917 
0.083 0.292 0.525 0.567 0.575 0.592 0.600 0.658 0.733 0.908 
5 2
Case #53: 
0.800 
0.200 
1 1
Case #54: 
0.060 0.210 0.230 0.390 0.450 0.460 0.560 0.650 0.940 0.990 
0.080 0.100 0.200 0.280 0.480 0.730 0.800 0.860 0.900 0.930 
6 2
